NAME : single
TYPE : ATSP
DIMENSION : 36
EDGE_WEIGHT_TYPE : EXPLICIT
EDGE_WEIGHT_FORMAT : FULL_MATRIX
EDGE_WEIGHT_SECTION
0 1168 551 746 601 726 50083 883 50113 50097 50108 50098 1423 1323 1187 1079 1152 1100 1073 850 844 855 894 889 886 559 776 583 647 461 146 444 585 499 588 597 
0 0 506 420 445 385 265 326 419 275 307 296 309 231 567 702 685 659 644 834 784 880 815 927 981 483 920 1008 1110 787 1273 1101 50000 50000 50000 50000 
0 506 0 197 110 179 376 251 363 471 609 693 805 710 661 542 635 582 558 490 505 511 574 553 655 32 576 425 421 282 683 471 50000 50000 50000 50000 
0 420 197 0 87 68 211 272 196 297 436 538 723 644 719 701 768 720 697 786 659 707 706 749 884 188 771 632 671 487 707 607 50000 50000 50000 50000 
0 445 110 87 0 74 276 272 253 368 507 600 748 661 641 625 702 652 628 598 573 620 671 662 789 101 701 516 554 368 745 528 50000 50000 50000 50000 
0 385 179 68 74 0 202 203 196 294 433 526 689 607 639 659 723 675 652 789 627 682 673 725 915 166 805 610 665 443 754 611 50000 50000 50000 50000 
0 265 376 211 276 202 0 252 176 145 234 327 544 483 757 779 810 769 749 826 789 978 831 904 939 358 944 825 864 644 1002 824 50000 50000 50000 50000 
0 326 251 272 272 203 252 0 172 235 380 459 631 554 743 723 823 772 727 826 789 859 811 899 934 258 812 694 760 516 861 700 50000 50000 50000 50000 
0 419 363 196 253 196 176 172 0 196 318 439 697 639 870 851 904 858 837 987 823 874 869 916 1131 354 948 820 856 694 856 795 50000 50000 50000 50000 
0 275 471 297 368 294 145 235 196 0 219 247 558 470 804 861 908 888 826 919 881 1083 922 998 1034 452 1027 945 983 812 1125 952 50000 50000 50000 50000 
0 307 609 436 507 433 234 380 318 219 0 130 464 451 866 967 973 1040 923 1046 1005 1198 1044 1128 1167 590 1085 1079 1147 989 1330 1092 50000 50000 50000 50000 
0 296 693 538 600 526 327 459 439 247 130 0 357 367 867 987 1094 1059 932 1096 1051 1220 1086 1262 1231 672 1290 1226 1295 1137 1534 1288 50000 50000 50000 50000 
0 309 805 723 748 689 544 631 697 558 464 357 0 133 677 990 969 944 925 1217 1152 1278 1166 1325 1400 975 1367 1343 1199 1082 1616 1404 50000 50000 50000 50000 
0 231 710 644 661 607 483 554 639 470 451 367 133 0 598 877 874 856 846 1123 1050 1176 1074 1234 1302 685 1273 1233 1097 984 1501 1303 50000 50000 50000 50000 
0 567 661 719 641 639 757 743 870 804 866 867 677 598 0 389 288 277 285 636 570 696 587 745 823 620 786 934 969 903 1321 1133 50000 50000 50000 50000 
0 702 542 701 625 659 779 723 851 861 967 987 990 877 389 0 147 108 192 268 212 326 198 358 444 537 462 693 761 682 908 843 1189 1205 1169 1248 
0 685 635 768 702 723 810 823 904 908 973 1094 969 874 288 147 0 86 272 414 360 472 342 501 588 625 610 914 917 805 1026 995 1318 1266 1297 1306 
0 659 582 720 652 675 769 772 858 888 1040 1059 944 856 277 108 86 0 240 374 317 432 304 465 551 573 566 845 893 748 963 940 1253 1199 1233 1243 
0 644 558 697 628 652 749 727 837 826 923 932 925 846 285 192 272 240 0 358 300 417 291 451 536 549 548 699 883 731 943 891 1230 1177 1185 1216 
0 834 490 786 598 789 826 826 987 919 1046 1096 1217 1123 636 268 414 374 358 0 59 87 112 115 180 498 200 425 386 427 682 581 1044 996 1039 1066 
0 784 505 659 573 627 789 789 823 881 1005 1051 1152 1050 570 212 360 317 300 59 0 119 130 159 239 500 250 483 419 442 687 601 1065 1014 1049 1077 
0 880 511 707 620 682 978 859 874 1083 1198 1220 1278 1176 696 326 472 432 417 87 119 0 131 46 120 521 152 398 352 413 675 560 999 959 1009 1022 
0 815 574 706 671 673 831 811 869 922 1044 1086 1166 1074 587 198 342 304 291 112 130 131 0 160 247 544 277 583 459 489 736 646 1062 1083 1071 1093 
0 927 553 749 662 725 904 899 916 998 1128 1262 1325 1234 745 358 501 465 451 115 159 46 160 0 88 564 153 413 363 437 750 578 1018 1000 1030 1037 
0 981 655 884 789 915 939 934 1131 1034 1167 1231 1400 1302 823 444 588 551 536 180 239 120 247 88 0 589 110 373 314 416 683 542 969 985 966 982 
0 483 32 188 101 166 358 258 354 452 590 672 975 685 620 537 625 573 549 498 500 521 544 564 589 0 586 456 447 305 615 491 50000 50000 50000 50000 
0 920 576 771 701 805 944 812 948 1027 1085 1290 1367 1273 786 462 610 566 548 200 250 152 277 153 110 586 0 272 220 306 572 433 887 872 884 908 
0 1008 425 632 516 610 825 694 820 945 1079 1226 1343 1233 934 693 914 845 699 425 483 398 583 413 373 456 272 0 67 161 396 216 731 748 602 740 
0 1110 421 671 554 665 864 760 856 983 1147 1295 1199 1097 969 761 917 893 883 386 419 352 459 363 314 447 220 67 0 188 419 269 729 744 675 730 
0 787 282 487 368 443 644 516 694 812 989 1137 1082 984 903 682 805 748 731 427 442 413 489 437 416 305 306 161 188 0 266 162 547 587 551 596 
0 1273 683 707 745 754 1002 861 856 1125 1330 1534 1616 1501 1321 908 1026 963 943 682 687 675 736 750 683 615 572 396 419 266 0 183 276 282 254 302 
0 1101 471 607 528 611 824 700 795 952 1092 1288 1404 1303 1133 843 995 940 891 581 601 560 646 578 542 491 433 216 269 162 183 0 445 483 381 455 
0 50000 50000 50000 50000 50000 50000 50000 50000 50000 50000 50000 50000 50000 50000 1189 1318 1253 1230 1044 1065 999 1062 1018 969 50000 887 731 729 547 276 445 0 91 290 242 
0 50000 50000 50000 50000 50000 50000 50000 50000 50000 50000 50000 50000 50000 50000 1205 1266 1199 1177 996 1014 959 1083 1000 985 50000 872 748 744 587 282 483 91 0 218 286 
0 50000 50000 50000 50000 50000 50000 50000 50000 50000 50000 50000 50000 50000 50000 1169 1297 1233 1185 1039 1049 1009 1071 1030 966 50000 884 602 675 551 254 381 290 218 0 84 
0 50000 50000 50000 50000 50000 50000 50000 50000 50000 50000 50000 50000 50000 50000 1248 1306 1243 1216 1066 1077 1022 1093 1037 982 50000 908 740 730 596 302 455 242 286 84 0 
EOF